
strategic_region={
	id=30
	name="STRATEGICREGION_30"
	provinces={
		42 55 121 129 337 366 375 422 429 434 491 549 595 633 746 748 796 817 830 892 931 956 983 1028 1052 1085 1104 1130 1138 1174 1315 1377 1392 1421 1488 1540 1579 1603 1644 1690 1780 1861 1871 1956 2155 2161 2201 2202 2211 2258 2265 2309 2329 2453 2454 2456 2550 2570 2659 2698 2713 2729 2785 2806 2818 2872 2875 2888 2889 2894 2912 2977 2983 3028 3040 3047 3069 3073 3075 3087 3112 3118 3143 3178 3184 3190 3273 3302 3356 3366 3423 3508 3534 3601 3606 3630 3632 3683 3686 3715 3770 3846 3949 3950 3976 4060 4065 4106 4112 4148 4158 5321 5365 5454 5485 5514 5515 5522 5544 5553 5576 5589 5606 5612 5627 5633 5640 5650 5653 5654 5670 5683 5685 5693 5694 5714 5716 5723 5736 5746 5748 5753 5760 5763 5770 5775 5778 5782 5785 5789 5790 5795 5805 5808 5810 5815 5823 5833 5836 5841 5845 5850 5851 5854 5865 5866 5867 5871 5877 5884 5885 5886 5889 5891 5892 5893 5903 5907 5912 5913 5915 5923 5924 5927 5932 5933 5934 5936 5937 5938 5948 5949 5953 5954 5956 5960 5962 5963 5964 5965 5966 5973 5994 5998 5999 6001 6004 6005 6006 6010 6033 6037 6049 6050 6057 6073 6078 6079 6090 6098 6101 6104 6111 6112 6116 6126 6137 6141 6146 6149 6161 6166 6179 6188 6201 6204 9302 9706 10202 10505 
	}
	weather={
	}
}
