
strategic_region={
	id=31
	name="STRATEGICREGION_31"
	provinces={
		9 526 662 712 739 847 1099 1185 1230 1277 1375 1479 1573 1894 1921 1943 1971 2047 2060 2085 2138 2141 2158 2199 2397 2633 2779 2877 3131 3189 3408 3497 3518 3545 3660 3777 3781 3799 3866 3925 4130 5459 5521 5549 5563 5565 5566 5567 5574 5575 5583 5588 5596 5602 5605 5608 5609 5610 5611 5638 5639 5644 5652 5665 5667 5672 5674 5675 5678 5679 5687 5688 5698 5699 5704 5711 5713 5715 5721 5722 5728 5729 5730 5743 5744 5747 5751 5752 5757 5758 5762 5773 5777 5781 5798 5804 5809 5819 5844 
	}
	weather={
	}
}
