
strategic_region={
	id=62
	name="STRATEGICREGION_62"
	provinces={
		7931 7937 7959 7961 8037 8103 8195 8215 8250 8320 8406 8419 8545 8584 8596 8672 8683 8685 8686 8755 8774 8777 8782 8792 8858 8879 8880 8896 8901 8918 8927 8984 8988 9036 9102 9115 9128 9130 9203 9214 9243 9255 9271 9277 9281 9318 9380 9390 9396 9435 9474 9498 9510 9566 9591 9623 9652 9694 9705 9732 9795 9801 10011 10108 10169 10193 10209 10255 10286 10294 10296 10307 10344 10411 10416 10596 10606 10608 10664 10669 10683 10919 10924 10931 10932 10943 10944 10960 10985 10992 10997 
	}
	naval_terrain=water_deep_ocean
	weather={
	}
}
