
strategic_region={
	id=70
	name="STRATEGICREGION_70"
	provinces={
		8 50 320 371 391 449 634 844 882 1047 1157 1239 1414 1496 1543 1607 1721 1800 1826 2081 2263 2283 2314 2342 2457 2586 2621 2658 2663 2726 2748 2795 2882 2957 3019 3021 3061 3155 3185 3219 3406 3484 3498 3530 3579 3647 3676 3685 3762 3784 3821 3989 4122 4138 4139 4161 4742 4748 4758 4769 4791 4809 4819 4842 4843 4851 4852 4857 4866 4867 4884 4886 4894 4904 4905 4913 4918 4919 4936 4937 4942 4952 4958 4961 4966 4988 5001 5009 5020 5021 5028 5035 5043 5047 5069 5078 5079 5086 5105 5121 5122 5126 5149 5153 5158 5162 5186 5193 5212 11085 
	}
	weather={
	}
}
