
strategic_region={
	id=72
	name="STRATEGICREGION_72"
	provinces={
		7815 7816 7817 7820 7899 7953 7955 7978 8061 8068 8121 8144 8192 8199 8205 8213 8225 8239 8251 8420 8488 8510 8518 8575 8623 8682 8776 8787 8912 8935 8965 8996 9003 9052 9113 9131 9143 9158 9261 9324 9361 9404 9642 9650 9682 9697 9725 9755 9805 9809 9812 9831 9865 9957 10035 10058 10081 10165 10182 10218 10232 10273 10340 10372 10480 10502 10534 10537 10570 10581 10624 10692 10697 10706 10936 10942 10946 10955 10956 10961 10974 10980 10986 11002 
	}
	naval_terrain=water_deep_ocean
	weather={
	}
}
