
strategic_region={
	id=79
	name="STRATEGICREGION_79"
	provinces={
		7849 7852 7870 7905 7929 7958 8016 8025 8067 8111 8142 8194 8196 8214 8264 8282 8285 8310 8347 8357 8368 8375 8377 8391 8437 8444 8456 8479 8544 8548 8570 8581 8611 8613 8617 8652 8667 8668 8698 8701 8712 8733 8767 8825 8837 8925 8943 8971 8995 8997 9068 9069 9080 9081 9105 9119 9120 9137 9149 9172 9210 9231 9244 9275 9300 9320 9322 9330 9333 9343 9351 9381 9467 9471 9505 9513 9546 9565 9568 9609 9611 9645 9677 9748 9764 9799 9834 9835 9888 9907 9918 9923 9949 9988 9998 10008 10015 10094 10144 10168 10199 10217 10305 10309 10334 10363 10374 10376 10401 10467 10485 10499 10511 10579 10589 10595 10612 10616 10643 10647 10656 10661 10675 10721 10722 10725 10737 10739 10763 10767 10772 10788 10793 10796 10803 
	}
	naval_terrain=water_deep_ocean
	weather={
	}
}
