
strategic_region={
	id=87
	name="STRATEGICREGION_87"
	provinces={
		125 194 1623 2218 2540 2809 6473 6525 7788 7789 7790 7791 7792 7793 7794 7800 7802 7803 7806 7909 7920 7972 7981 8045 8077 8135 8224 8234 8247 8365 8374 8551 8586 8595 8608 8731 8786 8791 8828 8835 8857 8992 9041 9056 9101 9104 9107 9109 9129 9157 9171 9206 9219 9230 9249 9274 9285 9291 9311 9339 9407 9416 9470 9481 9486 9493 9518 9620 9640 9740 9745 9752 9765 9811 9859 9860 9908 9915 9983 10006 10030 10039 10074 10089 10102 10149 10159 10191 10204 10212 10299 10335 10392 10498 10554 10592 10622 10844 10868 10870 10871 10887 10903 10909 10912 10916 
	}
	naval_terrain=water_deep_ocean
	weather={
	}
}
