
strategic_region={
	id=106
	name="STRATEGICREGION_106"
	provinces={
		207 220 506 636 690 770 785 949 1143 1180 1183 1237 1241 1360 1408 1434 1525 1554 1562 1702 1782 1995 2336 2738 2739 2754 2843 2884 2916 2920 2964 3009 3016 3090 3145 3221 3235 3241 3264 3299 3385 3549 3712 3714 3764 3955 4024 4094 5970 6014 6019 6027 6052 6066 6076 6097 6113 6114 6130 6136 6165 6177 6178 6187 6210 6246 6255 6288 6340 6352 6353 6367 6378 6381 6392 6400 6406 6422 6432 6433 6434 6447 6452 6458 6459 6504 6553 
	}
	weather={
	}
}
