
strategic_region={
	id=112
	name="STRATEGICREGION_112"
	provinces={
		23 483 620 767 947 953 1014 1168 1293 1553 1652 1685 1835 1918 1973 2149 2167 2243 2324 2345 2348 2625 2685 2703 2793 2944 2986 3037 3182 3405 3421 3532 3593 3760 3767 3787 3869 3932 3935 3977 3988 4014 4018 4031 4044 4105 4156 7190 7205 7253 7274 7290 7291 7300 7308 7318 7328 7348 7357 7366 7372 7388 7392 7419 7420 7431 7441 7445 7459 7460 7463 7476 7477 7496 7504 7519 7520 7522 7545 7547 7553 7556 7578 7591 7597 7598 7605 7624 11089 11090 
	}
	weather={
	}
}
