
strategic_region={
	id=16
	name="STRATEGICREGION_16"
	provinces={
		59 164 201 390 503 513 625 660 734 742 820 886 1032 1113 1127 1261 1266 1322 1368 1383 1437 1489 1522 1651 1660 1772 1889 2206 2235 2252 2334 2367 2405 2480 2524 2531 2628 2837 2881 3210 3300 3318 3368 3581 3633 3655 3706 3753 3758 3805 3847 3850 3880 4090 5794 5801 5817 5821 5831 5838 5840 5847 5848 5857 5858 5859 5862 5863 5881 5887 5888 5896 5910 5911 5919 5921 5940 5944 5947 5955 5971 5972 5980 5982 5983 5987 5989 5990 5993 6000 6009 6015 6020 6021 6022 6023 6028 6032 6036 6053 6054 6055 6061 6072 6077 6095 6102 6103 6109 6110 6115 6121 6140 6143 6144 6145 6184 6200 6221 6222 6241 6243 6262 
	}
	weather={
	}
}
