
strategic_region={
	id=37
	name="STRATEGICREGION_37"
	provinces={
		554 714 747 789 841 1125 1147 1206 1238 1258 1416 1501 1524 1576 1657 1670 1717 1787 2064 2072 2093 2098 2269 2363 2505 2817 3088 3149 3323 3533 3659 3808 4101 6958 6963 6966 6986 6992 7002 7008 7016 7020 7023 7024 7046 7068 7097 7102 7129 7135 7151 7184 7234 7278 7362 7382 7406 7467 7473 7481 7483 7499 7503 7540 7872 8001 8174 8206 8240 8279 8539 8555 8670 8958 9208 9305 9849 9973 10156 10160 10298 10396 10561 10562 10953 
	}
	weather={
	}
}
