
strategic_region={
	id=5
	name="STRATEGICREGION_5"
	provinces={
		280 409 466 609 771 802 1050 1140 1197 1495 1527 1688 2103 2274 2458 2581 2593 2732 2751 2758 2759 2833 2862 2869 2936 2970 3297 3381 3424 3520 3567 3716 3911 3958 4002 4013 4102 4896 4897 4967 4968 4994 5005 5010 5011 5065 5090 5104 5116 5123 5127 5135 5136 5142 5166 5168 5174 5179 5194 5208 5215 5216 5217 5233 5240 5248 5261 5287 5295 5311 5325 5326 5339 5342 5351 5352 5361 5393 5398 5399 5408 5417 5427 5434 5435 5437 5456 5466 5474 5502 
	}
	weather={
	}
}
