
strategic_region={
	id=82
	name="STRATEGICREGION_82"
	provinces={
		567 631 908 944 1101 1282 1468 1514 1534 1536 1591 1667 1784 1815 2074 2124 2292 2383 2634 2958 2998 3015 3065 3212 3429 3566 3772 3975 4127 4305 4411 4482 4488 4518 4553 4554 4567 4611 4627 4639 4656 4665 4675 4702 4707 4717 4725 4735 4746 4760 4768 4796 4799 4800 4803 4871 5039 5316 5347 7779 7781 7782 7783 7784 7786 7787 7844 8183 8184 8190 8321 8330 8404 8588 8612 8723 8741 8770 8827 8871 9077 9100 9174 9483 9550 9605 9662 9715 9763 9991 10029 10065 10084 10120 10135 10185 10271 10285 10329 10406 10426 10477 10496 10520 10538 10619 10707 10811 10821 10828 10838 10841 10888 10891 
	}
	weather={
	}
}
