
strategic_region={
	id=101
	name="STRATEGICREGION_101"
	provinces={
		18 65 103 135 213 222 226 376 430 615 641 652 994 1019 1201 1346 1515 1593 1611 1892 2410 3165 3289 3416 3969 4673 4718 4757 4797 4856 4865 4883 4951 5741 7762 7780 7785 7796 7797 7877 7882 7884 7963 8033 8046 8056 8070 8115 8200 8222 8242 8260 8339 8385 8441 8497 8567 8655 8678 8679 8716 8721 8795 8803 8841 8843 8866 8874 9046 9059 9159 9176 9192 9235 9286 9289 9347 9373 9394 9420 9610 9619 9680 9761 9785 9808 9974 10047 10161 10184 10236 10253 10330 10331 10338 10352 10448 10456 10474 10500 10654 10679 10680 10775 10794 10801 10819 10823 10826 10827 10829 10837 10857 10860 10867 10873 
	}
	weather={
	}
}
