
strategic_region={
	id=102
	name="STRATEGICREGION_102"
	provinces={
		3 10 47 111 249 769 838 1108 1142 1268 1273 1288 1398 1417 1480 1483 1510 1547 1719 1854 1902 1974 2003 2012 2020 2025 2030 2214 2368 2608 2847 2849 3246 3303 3324 3370 3419 3436 3444 3554 3629 3653 3673 3789 3802 3836 4162 4732 4737 4749 4770 4782 4785 4792 4806 4817 4822 4833 4839 4859 4860 4872 4887 4895 4906 4911 4912 4914 4927 4928 4933 4959 4964 4970 4971 4980 4985 4995 5006 5007 5013 5022 5029 5036 5049 5050 5054 5080 5091 5092 5118 5128 
	}
	weather={
	}
}
