
strategic_region={
	id=103
	name="STRATEGICREGION_103"
	provinces={
		44 81 145 191 237 244 267 297 563 719 1146 1188 1240 1285 1347 1494 1519 1816 1870 1951 1986 2042 2043 2176 2180 2354 2374 2503 2506 2614 2670 2699 2744 3020 3024 3089 3380 3550 3617 3735 3873 3919 4728 4739 4740 4767 4775 4781 4783 4798 4807 4812 4823 4825 4834 4836 4845 4846 4861 4862 4868 4869 4873 4879 4881 4891 4907 4908 4909 4917 4922 4929 4930 4946 4954 4972 4973 4974 4981 4996 5014 5015 5016 5023 5051 5061 5066 5081 5100 5106 5119 5120 5143 5161 6131 6195 6279 6325 
	}
	weather={
	}
}
