
strategic_region={
	id=105
	name="STRATEGICREGION_105"
	provinces={
		38 325 442 661 921 1031 1089 1227 1349 1454 1758 1898 1994 2193 2284 2396 2504 2564 2607 2702 2761 2891 2895 2910 3041 3082 3186 3239 3259 3321 3352 3372 3458 3501 3558 3609 3628 3631 3665 3792 3874 3899 3966 5189 5204 5205 5243 5306 5353 5369 5380 5394 5400 5428 5444 5445 5446 5469 5480 5488 5494 5512 5518 5526 5527 5535 5564 5571 5572 5587 5592 5600 5619 5620 5625 5635 5658 5662 5663 5669 5682 5684 5689 5697 5701 5719 5726 5750 
	}
	weather={
	}
}
