
strategic_region={
	id=107
	name="STRATEGICREGION_107"
	provinces={
		107 126 346 354 363 380 454 672 858 976 997 1136 1294 1474 1550 1594 1618 2075 2080 2094 2207 2287 2384 2494 2513 2842 2853 3148 3269 3387 3483 3723 3743 3776 3963 4059 6252 6253 6256 6270 6274 6289 6290 6296 6300 6301 6302 6312 6313 6326 6333 6334 6337 6360 6362 6363 6364 6368 6394 6395 6396 6397 6402 6403 6418 6426 6428 6441 6454 6464 6469 6480 6485 6486 6497 6517 6567 6568 6580 6591 6592 6604 6609 6619 6623 11091 11094 11116 
	}
	weather={
	}
}
