
strategic_region={
	id=22
	name="STRATEGICREGION_22"
	provinces={
		207 220 349 624 699 750 818 1131 1471 1525 1559 1608 1778 1863 1885 1966 2172 2179 2204 2226 2257 2289 2355 2422 2433 2521 2585 2610 2687 2782 2798 2866 2899 2931 3002 3074 3078 3080 3169 3242 3292 3428 3468 3513 3616 3695 3816 3923 3955 3961 4115 4120 4151 6071 6094 6108 6130 6160 6170 6182 6183 6187 6208 6211 6228 6230 6248 6249 6250 6251 6260 6261 6278 6294 6299 6331 6336 6341 6359 6361 6373 6387 6393 6412 6414 6423 6425 6453 6463 6468 6471 6479 6484 6490 6495 6496 6502 6503 6516 6520 6524 6526 6533 6534 6550 
	}
	weather={
	}
}
