
strategic_region={
	id=23
	name="STRATEGICREGION_23"
	provinces={
		54 155 256 306 323 370 516 520 560 565 673 674 703 718 791 794 809 814 1025 1026 1042 1058 1071 1081 1086 1097 1106 1199 1211 1296 1340 1341 1381 1451 1455 1512 1564 1640 1662 1744 1757 1761 1792 1801 1917 1944 1993 2000 2006 2048 2145 2148 2164 2219 2234 2248 2391 2470 2557 2560 2595 2643 2794 2828 2928 2973 3022 3036 3076 3174 3181 3213 3217 3229 3291 3343 3350 3354 3451 3487 3499 3502 3562 3595 3602 3698 3752 3797 3813 3817 3842 3946 3960 3984 4011 4029 4096 4114 6527 6539 6554 6555 6557 6574 6581 6582 6588 6595 6602 6607 6611 6617 6620 6624 6632 6633 6634 6635 6638 6643 6646 6651 6659 6660 6662 6665 6669 6670 6675 6676 6683 6685 6692 6693 6696 6700 6703 6710 6711 6716 6717 6720 6722 6723 6724 6725 6727 6729 6730 6731 6737 6738 6741 6742 6749 6753 6754 6755 6761 6765 6767 6770 6771 6781 6783 6794 6795 6802 6805 6806 6807 6812 6813 6819 6821 6822 6827 6830 6831 6841 6842 6843 6847 6850 6854 6865 6867 6868 6878 6884 6891 6895 6898 6905 6915 6919 6920 6940 6949 6950 
	}
	weather={
	}
}
