
strategic_region={
	id=32
	name="STRATEGICREGION_32"
	provinces={
		73 127 128 229 257 260 270 311 334 351 353 361 367 369 465 480 490 555 618 642 653 680 687 757 776 800 852 859 907 923 1037 1090 1094 1160 1257 1352 1371 1380 1404 1423 1469 1552 1565 1575 1589 1633 1687 1703 1741 1751 1873 1926 1964 1992 2013 2129 2175 2220 2246 2266 2271 2272 2294 2297 2312 2319 2326 2333 2398 2403 2446 2490 2543 2566 2727 2734 2742 2753 2762 2781 2803 2893 2907 2947 2976 3012 3035 3039 3070 3116 3204 3207 3254 3278 3296 3394 3493 3564 3644 3768 3786 3841 3903 3957 3992 4046 4160 4378 4439 4499 4530 4534 4582 4593 4602 4644 4685 4700 4720 4776 4840 4888 4892 4899 4924 4938 4939 4960 4982 4983 4997 5018 5024 5042 5067 5076 5097 5112 5141 5148 5197 5201 5202 5220 5229 5241 5256 5257 5263 5269 5293 5302 5307 5314 5357 5358 5363 5364 5373 5395 5401 5405 5406 5410 5423 5458 5484 5489 5493 5499 5500 5528 5529 5537 7773 7775 
	}
	weather={
	}
}
