
strategic_region={
	id=34
	name="STRATEGICREGION_34"
	provinces={
		41 83 108 115 120 152 159 177 251 290 330 459 479 482 510 515 583 599 676 701 708 711 760 765 777 784 826 883 891 964 1011 1059 1083 1084 1100 1112 1158 1177 1179 1209 1267 1271 1286 1298 1309 1328 1374 1393 1453 1464 1467 1498 1537 1566 1581 1588 1622 1625 1698 1701 1712 1844 1915 1952 2049 2059 2068 2131 2135 2142 2168 2285 2323 2414 2449 2464 2469 2487 2519 2598 2648 2671 2674 2695 2731 2757 2840 2864 2990 3007 3031 3042 3114 3124 3260 3369 3377 3396 3417 3447 3454 3479 3597 3687 3693 3694 3697 3704 3818 3892 3933 3952 3956 3982 4030 4352 4353 4354 4364 4375 4389 4390 4394 4399 4406 4408 4410 4414 4420 4421 4433 4443 4444 4460 4463 4468 4471 4474 4476 4484 4485 4486 4496 4505 4508 4514 4515 4519 4523 4524 4533 4538 4544 4547 4549 4556 4557 4559 4560 4569 4573 4574 4584 4585 4586 4590 4592 4601 4608 4614 4615 4621 4628 4629 4632 4642 4643 4649 4651 4664 4668 4672 4674 4677 4678 4679 4692 4693 4695 4696 4699 4703 4724 4743 11104 
	}
	weather={
	}
}
