
strategic_region={
	id=38
	name="STRATEGICREGION_38"
	provinces={
		2 30 43 105 165 253 301 314 333 420 487 561 591 725 870 898 911 987 1223 1370 1476 1609 1645 1806 1830 1862 2071 2151 2212 2254 2379 2388 2442 2627 2651 2665 2692 2775 2830 2904 2987 3166 3238 3275 3305 3446 3476 3548 3588 3670 3671 3688 3711 3730 3761 3809 3900 3918 4071 7207 7252 7258 7284 7294 7329 7330 7332 7333 7350 7358 7363 7368 7386 7387 7389 7390 7404 7407 7410 7414 7417 7428 7429 7432 7439 7440 7442 7453 7456 7461 7468 7479 7482 7491 7497 7500 7505 7508 7516 7523 7530 7541 7548 7549 7559 7561 7570 7571 7575 7584 7587 7592 7594 7600 7606 7610 7621 7625 7634 7635 7641 7644 7652 
	}
	weather={
	}
}
