
strategic_region={
	id=56
	name="STRATEGICREGION_56"
	provinces={
		7854 7856 7873 7945 8007 8031 8042 8079 8105 8117 8149 8173 8248 8283 8300 8308 8327 8381 8402 8407 8434 8507 8520 8523 8565 8625 8765 8781 8788 8812 8822 8878 8933 8983 9018 9044 9047 9133 9170 9183 9221 9239 9247 9268 9284 9288 9335 9401 9413 9418 9425 9454 9533 9538 9580 9586 9661 9714 9728 9731 9780 9789 9825 9838 9877 9881 9887 9932 9959 9966 10032 10078 10083 10099 10141 10146 10187 10211 10222 10313 10346 10347 10367 10387 10487 10514 10574 10577 10593 10597 10691 10996 10999 11021 11023 11024 11034 11038 11042 11051 11063 11068 11069 11082 
	}
	naval_terrain=water_deep_ocean
	weather={
	}
}
