
strategic_region={
	id=59
	name="STRATEGICREGION_59"
	provinces={
		7921 8017 8092 8126 8191 8198 8209 8228 8230 8297 8301 8392 8468 8524 8525 8536 8540 8630 8761 8775 8852 8891 8904 8920 8947 8999 9001 9009 9021 9061 9063 9178 9200 9253 9294 9317 9345 9384 9445 9500 9541 9562 9633 9636 9678 9684 9703 9814 9868 9890 9937 9994 10040 10097 10137 10192 10337 10397 10412 10415 10421 10428 10466 10469 10509 10550 10600 10632 11007 11022 11031 11044 11048 11060 11079 
	}
	naval_terrain=water_deep_ocean
	weather={
	}
}
