
strategic_region={
	id=60
	name="STRATEGICREGION_60"
	provinces={
		7840 7855 7862 7926 7985 7986 8123 8127 8134 8193 8218 8227 8233 8246 8275 8292 8309 8359 8464 8530 8537 8621 8688 8738 8811 8865 8907 8978 9090 9163 9173 9195 9316 9332 9366 9367 9370 9377 9459 9466 9479 9516 9521 9534 9548 9564 9627 9631 9658 9691 9739 9742 9862 9878 9902 9945 10012 10026 10046 10113 10133 10158 10177 10277 10400 10410 10459 10478 10556 10578 10627 10630 10646 10926 10935 10940 10948 10951 10952 10966 10969 10977 10982 
	}
	naval_terrain=water_deep_ocean
	weather={
	}
}
