
strategic_region={
	id=69
	name="STRATEGICREGION_69"
	provinces={
		5 7 19 25 133 148 210 259 282 305 308 318 358 382 396 397 404 462 508 509 525 528 579 601 610 621 637 667 692 704 736 804 806 825 827 857 866 879 889 920 935 975 1016 1027 1049 1053 1054 1064 1077 1115 1117 1135 1139 1167 1171 1173 1213 1221 1235 1343 1433 1484 1497 1516 1533 1563 1582 1598 1637 1786 1878 1923 1925 2008 2034 2082 2083 2096 2102 2110 2170 2181 2229 2232 2238 2239 2298 2331 2393 2425 2447 2476 2484 2489 2495 2558 2582 2645 2654 2697 2700 2723 2764 2777 2792 2831 2913 2917 2942 2948 2955 3032 3101 3113 3170 3240 3283 3298 3375 3411 3430 3439 3521 3525 3544 3563 3608 3639 3649 3650 3682 3700 3727 3731 3823 3831 3895 3907 3934 3942 3983 3999 4008 4019 4078 4081 4100 4191 4195 4196 4200 4204 4207 4211 4215 4221 4225 4229 4233 4236 4239 4240 4245 4249 4257 4260 4261 4264 4271 4272 4273 4274 4276 4277 4278 4280 4281 4282 4283 4285 4289 4290 4295 4296 4297 4298 4309 4312 4315 4317 4320 4322 4323 4324 4329 4331 4337 4344 4345 4347 4348 4349 4357 4359 4360 4361 4362 4363 4366 4368 4371 4373 4376 4383 4384 4386 4388 4395 4402 4405 4419 4423 4426 4427 4434 4436 4442 4446 4449 4450 4451 4457 4470 4473 4479 4480 4481 4490 4493 4512 4529 4542 4568 4571 4577 4588 4597 4623 4646 4657 7764 7765 7766 7767 7768 8549 11096 11099 11101 11102 
	}
	weather={
	}
}
