
strategic_region={
	id=7
	name="STRATEGICREGION_7"
	provinces={
		20 94 95 118 122 242 248 395 400 478 617 828 876 916 959 985 1269 1376 1395 1485 1570 1626 1650 1709 1795 1833 1927 2111 2134 2154 2198 2497 2750 2857 2922 2926 2938 2966 2989 3014 3050 3107 3173 3293 3304 3583 3662 3669 3828 4522 4537 4563 4581 4610 4618 4620 4624 4631 4637 4638 4650 4655 4660 4666 4667 4683 4687 4688 4691 4698 4706 4709 4716 4721 4731 4736 4744 4745 4759 4762 4766 4772 4773 4774 4779 4780 4795 4801 4805 4810 4811 4816 4821 4824 4829 4844 4853 4854 4858 4880 4890 4926 4941 4945 11109 11110 
	}
	weather={
	}
}
