
strategic_region={
	id=80
	name="STRATEGICREGION_80"
	provinces={
		16 22 27 28 58 63 88 97 113 142 198 304 360 362 385 387 410 481 518 530 547 551 596 643 650 728 782 786 869 884 899 943 945 984 998 1035 1044 1272 1276 1301 1305 1365 1435 1444 1445 1511 1541 1544 1549 1631 1716 1733 1750 1760 1767 1916 1931 1957 1968 1970 2053 2056 2084 2091 2108 2205 2210 2228 2255 2277 2307 2351 2371 2390 2417 2436 2443 2473 2475 2525 2542 2545 2637 2657 2675 2686 2728 2773 2807 2810 2812 2836 2959 2978 2996 2997 3150 3163 3167 3211 3222 3315 3341 3383 3393 3399 3407 3427 3478 3482 3489 3491 3507 3537 3538 3542 3584 3586 3613 3703 3740 3750 3779 3804 3852 3853 3876 3883 3905 3916 3959 4039 4040 4067 4073 4092 4098 4149 4265 4300 4302 4319 4326 4327 4330 4332 4370 4372 4379 4382 4391 4393 4396 4397 4401 4415 4425 4428 4432 4453 4456 4477 4478 4487 4494 4506 4507 4509 4511 4513 4516 4535 4539 4565 4566 4570 4575 4594 4603 4604 4622 4626 4652 4653 4662 4680 4686 4701 4704 4710 4711 4727 4729 4738 4741 4750 4752 4753 4756 4771 4787 4788 4790 4802 4814 4818 4827 4830 4835 4841 4848 4864 4870 4900 4931 4947 4975 4976 4992 4998 5025 5038 5064 5077 5088 5094 5102 5103 5124 5129 5134 5137 5157 5165 5169 5176 5225 5264 7769 7770 7776 7777 7778 7868 8819 9139 9213 9519 9837 9948 9950 10215 10251 10655 10814 11083 
	}
	weather={
	}
}
