
strategic_region={
	id=86
	name="STRATEGICREGION_86"
	provinces={
		1932 3485 3573 5517 5524 5591 5629 7919 7934 7952 8012 8165 8168 8269 8274 8304 8341 8342 8388 8413 8450 8498 8559 8577 8580 8602 8658 8665 8693 8779 8807 8826 8872 8941 8975 8993 9122 9155 9162 9181 9199 9369 9400 9405 9449 9524 9608 9614 9641 9656 9660 9681 9891 9916 9979 9980 10052 10080 10136 10138 10205 10303 10386 10394 10482 10535 10590 10628 10694 10882 10885 10893 10911 10923 
	}
	naval_terrain=water_deep_ocean
	weather={
	}
}
