
strategic_region={
	id=89
	name="STRATEGICREGION_89"
	provinces={
		329 2435 2689 2905 3029 6489 6551 6679 6695 7798 7808 7810 7813 7966 8020 8054 8080 8137 8188 8207 8271 8337 8429 8438 8605 8607 8628 8636 8757 8768 8797 8818 8922 8939 8981 9022 9067 9076 9164 9177 9217 9306 9346 9419 9423 9426 9490 9549 9553 9570 9583 9600 9617 9771 9822 9956 10075 10142 10157 10172 10174 10221 10246 10249 10268 10274 10283 10381 10390 10398 10438 10507 10519 10553 10594 10599 10651 10658 10676 10701 10878 10897 10899 10901 10902 10927 10937 
	}
	naval_terrain=water_deep_ocean
	weather={
	}
}
