
state={
	id=385
	name="STATE_385"
	provinces={
		7 25 148 282 318 508 509 528 610 621 667 736 806 825 866 889 920 935 975 1016 1053 1054 1077 1139 1167 1171 1173 1221 1484 1598 1637 1925 2008 2083 2096 2170 2181 2229 2238 2298 2393 2447 2484 2582 2645 2654 2764 2777 2792 2831 2913 2917 2942 2948 3240 3283 3375 3430 3521 3525 3639 3649 3727 3731 3823 3831 3907 3934 3942 3983 3999 4081 4100 4221 4225 4229 4239 4240 4245 4249 4257 4260 4271 4276 4281 4282 4283 4285 4289 4290 4296 4297 4309 4320 4322 4323 4329 4344 4347 4349 4359 4360 4362 4363 4371 4373 4384 4388 4402 4405 4419 4427 4442 4449 4450 4451 4473 4479 4480 4490 4493 4512 4529 4542 4568 4571 4577 4588 4597 4623 4646 4657 11096 
	}
	manpower=2
	buildings_max_level_factor=1.000
	state_category=town
}
