state={
	id=388
	name="STATE_388"
	state_category = town
	provinces={
		109 112 160 174 202 250 417 575 581 647 710 816 823 840 902 974 1001 1007 1065 1203 1212 1248 1251 1279 1302 1308 1356 1358 1364 1372 1426 1639 1715 1718 1820 1875 1896 1912 1924 1934 1941 1960 1997 1998 2036 2051 2112 2126 2157 2244 2293 2339 2401 2406 2437 2499 2576 2624 2636 2640 2655 2678 2745 2851 2911 3066 3071 3096 3111 3192 3286 3345 3359 3363 3364 3414 3425 3570 3574 3754 3771 3794 3981 3994 3996 5359 5464 5471 5477 5523 5539 5540 5548 5550 5580 5594 5597 5607 5631 5634 5666 5676 5686 5708 5718 5733 5765 5768 5792 5812 5834 5861 5878 5895 5899 5916 5925 5950 5957 6039 6058 6059 6062 6070 6087 6119 6167 6181 6197 6271 
	}
	manpower=2
	buildings_max_level_factor=1.000
}
