state={
	id=396
	name="STATE_396"
	state_category = town
	provinces={
		1 21 64 67 72 131 215 247 262 273 276 307 322 328 378 381 424 438 474 522 536 564 600 657 670 705 717 732 839 856 927 963 1092 1137 1200 1205 1207 1220 1232 1306 1307 1319 1338 1459 1475 1478 1509 1578 1653 1665 1677 1695 1696 1722 1740 1742 1789 1790 1793 1814 1818 1838 1846 1848 1851 1857 1866 1881 1936 1940 1953 1962 1963 2009 2055 2063 2069 2092 2118 2130 2173 2194 2209 2213 2230 2275 2305 2313 2317 2332 2366 2378 2400 2402 2421 2426 2483 2493 2512 2515 2534 2544 2573 2590 2592 2594 2599 2668 2747 2763 2771 2784 2813 2838 2908 2909 2930 2932 2939 2951 3038 3046 3049 3079 3105 3109 3140 3142 3193 3194 3225 3226 3232 3276 3285 3288 3367 3371 3384 3412 3443 3464 3472 3481 3515 3519 3604 3622 3636 3637 3640 3648 3658 3667 3696 3729 3747 3773 3775 3806 3807 3835 3864 3894 3901 3936 3938 3944 3951 3964 3972 4010 4016 4025 4028 4069 4075 4083 4084 4091 4147 4153 4154 7064 7078 7088 7126 7137 7150 7159 7179 7193 7213 7226 7227 7229 7239 7245 7263 7264 7265 7282 7283 7297 7298 7311 7317 7321 7322 7355 7365 7370 7375 7376 7380 7381 7397 7398 7399 7400 7401 7402 7405 7408 7409 7413 7418 7422 7427 7430 7433 7438 7444 7448 7449 7451 7454 7455 7458 7462 7465 7470 7471 7472 7478 7480 7485 7489 7490 7494 7495 7501 7502 7506 7507 7510 7511 7512 7513 7514 7515 7524 7526 7527 7528 7531 7534 7535 7536 7537 7538 7542 7543 7544 7546 7551 7552 7554 7555 7557 7558 7560 7563 7565 7566 7567 7568 7572 7573 7576 7577 7580 7581 7582 7583 7585 7586 7588 7589 7593 7595 7599 7601 7602 7603 7604 7607 7608 7609 7612 7613 7614 7615 7616 7617 7618 7620 7622 7623 7626 7627 7628 7629 7630 7631 7632 7633 7636 7637 7638 7639 7640 7642 7643 7645 7646 7647 7648 7649 7650 7651 7653 7654 7656 7657 7658 7659 7660 7661 7662 7663 7664 7665 7666 7667 7668 7669 7670 7671 7673 7674 7675 7676 7677 7678 7679 7680 7682 7683 7684 7685 7686 7687 7688 7689 7690 7691 7692 7693 7694 7695 7696 7697 7698 7699 7700 7701 7703 7704 7705 7706 7708 7709 7711 11122 11123 11126 
	}
	manpower=2
	buildings_max_level_factor=1.000
}
