state={
	id=397
	name="STATE_397"
	state_category = town
	provinces={
		24 31 35 60 70 85 110 166 182 212 278 377 384 386 392 405 507 594 629 640 651 669 685 688 707 799 815 822 864 909 982 1004 1008 1020 1144 1148 1170 1181 1196 1246 1313 1316 1335 1350 1388 1399 1409 1422 1500 1535 1546 1551 1610 1630 1647 1735 1748 1842 1865 1868 1880 1933 1942 1981 2010 2032 2105 2127 2177 2182 2191 2259 2286 2296 2321 2328 2330 2377 2468 2478 2508 2579 2588 2647 2649 2660 2740 2741 2780 2848 2876 2880 2954 2963 2968 2975 2981 3004 3034 3122 3127 3138 3160 3227 3230 3360 3397 3569 3591 3607 3677 3679 3680 3708 3851 3858 3859 3886 3945 3948 3990 3997 4041 4070 4074 4104 4136 6639 6645 6656 6661 6667 6681 6682 6688 6689 6699 6701 6705 6707 6709 6714 6715 6718 6728 6732 6733 6735 6736 6747 6748 6751 6752 6760 6763 6764 6766 6773 6774 6776 6777 6778 6779 6782 6785 6788 6789 6790 6791 6792 6793 6797 6798 6799 6801 6809 6810 6811 6814 6815 6816 6817 6820 6824 6825 6829 6836 6837 6839 6840 6844 6845 6846 6848 6849 6852 6853 6856 6857 6858 6859 6862 6863 6871 6872 6875 6876 6877 6880 6881 6882 6883 6885 6886 6887 6889 6890 6897 6900 6901 6902 6903 6904 6907 6913 6925 6926 6927 6929 6932 6934 6939 6941 6947 6956 6973 6974 6985 6989 6990 6991 7005 7015 7018 7026 7030 7036 7037 7038 7049 7054 7057 7061 7084 7086 7087 7114 7121 7143 7163 7171 7198 7208 7212 11117 
	}
	manpower=2
	buildings_max_level_factor=1.000
}
