state={
	id=398
	name="STATE_398"
	state_category = town
	provinces={
		61 71 76 80 84 93 140 292 315 316 393 403 489 589 590 592 598 683 793 906 926 941 1103 1129 1190 1250 1254 1394 1586 1602 1643 1727 1850 2169 2325 2461 2514 2577 2688 2691 2769 2850 2860 2878 2918 2937 2971 3301 3418 3449 3559 3585 3600 3612 6772 6835 6972 7039 7255 7262 7273 7301 7340 7360 7474 7475 7493 7532 7533 7539 7562 7569 7574 7579 7590 7596 7611 7619 7655 7672 7681 7702 7707 7710 11120 11121 11124 11125 
	}
	manpower=2
	buildings_max_level_factor=1.000
}
