state={
	id=399
	name="STATE_399"
	state_category = town
	provinces={
		11 12 14 15 33 37 39 51 53 69 74 78 86 87 90 101 102 106 116 119 123 130 134 137 154 161 167 170 180 188 189 193 195 196 199 200 203 208 209 211 232 233 234 239 243 265 268 274 275 279 299 302 326 332 335 338 344 345 350 352 356 357 359 364 373 383 388 398 412 418 421 427 431 439 440 441 458 464 467 472 477 494 496 505 511 514 519 523 524 527 529 537 538 553 559 572 573 576 585 604 608 616 619 632 638 654 656 658 678 694 695 696 721 726 730 737 740 751 756 761 778 808 810 824 842 843 851 854 868 875 887 893 894 903 910 918 929 940 942 955 957 967 969 971 977 986 993 1000 1005 1010 1040 1061 1063 1073 1079 1095 1102 1111 1119 1122 1123 1126 1128 1155 1156 1159 1163 1166 1172 1176 1178 1198 1210 1214 1215 1219 1236 1242 1253 1256 1260 1281 1287 1297 1310 1321 1323 1324 1326 1331 1345 1363 1401 1407 1418 1429 1431 1438 1440 1452 1458 1472 1506 1507 1520 1526 1560 1568 1583 1584 1587 1597 1604 1612 1635 1642 1649 1676 1680 1683 1700 1706 1724 1746 1752 1756 1759 1762 1773 1775 1781 1802 1805 1817 1841 1845 1852 1877 1895 1899 1901 1906 1908 1910 1920 1929 1938 1958 1967 1983 1991 2001 2073 2116 2125 2133 2184 2185 2188 2224 2240 2261 2273 2291 2299 2300 2318 2338 2347 2357 2389 2392 2445 2448 2472 2516 2518 2553 2556 2565 2583 2603 2667 2679 2681 2693 2724 2749 2797 2827 2845 2890 2896 2906 2923 2933 2934 3010 3023 3045 3055 3068 3084 3085 3100 3108 3161 3201 3203 3247 3306 3346 3376 3398 3474 3510 3527 3536 3552 3557 3572 3598 3599 3615 3651 3720 3742 3839 3872 3885 3888 3929 3943 3974 4021 4134 4165 4166 4169 4170 4172 4174 4175 4177 4178 4179 4180 4181 4182 4183 4184 4185 4186 4187 4188 4190 4192 4193 4194 4197 4198 4199 4201 4203 4206 4208 4209 4210 4228 4231 4232 4243 4244 4246 4247 4253 4255 4256 4269 4287 4288 4293 4303 4306 4308 4310 4314 4321 4325 4333 4335 4336 4340 4342 4343 4355 4356 4365 4369 4380 4381 4385 4398 4400 4404 4412 4413 4416 4418 4422 4429 4440 4441 4445 4447 4448 4459 4461 4464 4469 4489 4492 4495 4497 4501 4517 4525 4528 4543 4545 4548 4587 4595 4625 4640 4645 4663 4681 11092 11093 11095 11098 11100 11105 
	}
	manpower=2
	buildings_max_level_factor=1.000
}
