state={
	id=508
	name="STATE_508"
	state_category = town
	provinces={
		73 128 257 260 334 351 353 361 367 369 465 480 618 653 680 776 800 852 859 1090 1094 1352 1380 1423 1469 1552 1687 1964 1992 2013 2129 2271 2272 2297 2319 2326 2333 2403 2543 2566 2727 2742 2753 2803 2893 2947 2976 3035 3039 3116 3207 3254 3296 3493 3644 3768 3786 3903 3957 3992 4046 4530 4534 4582 4593 4602 4644 4685 4700 4720 4840 4888 4892 4924 4938 4960 4982 4983 4997 5018 5024 5042 5067 5076 5097 5112 5148 5197 5201 5202 5220 5229 5241 5256 5257 5263 5302 5314 
	}
	manpower=2
	buildings_max_level_factor=1.000
}
